21606
21609
21610
21611
21612
21613
21614
21615
21616
21619
21621
21622
21623
21625
21626
21627
21630
21631
21632
21633
21634
21635
21636
21637
21640
21641
21642
21643
21644
21645
21646
21647
21650
21651
21652
21653
21654
21655
21656
21657
21660
21661
21662
21663
21664
21665
21666
21667
21670
21671
21673
21674
21675
21676
21677
21680
21681
21682
21683
21684
21685
21686
21687
21690
21691
21692
21693
21694
21695
21696
21697
21701
21702
21704
21705
21706
21707
21711
21712
21713
21714
21715
21716
21717
21718
21719
21720
21721
21722
21724
21728
21729
21730
21731
21732
21733
21734
21735
21738
21739
21740
21741
21742
21743
21744
21745
21748
21749
21750
21751
21752
21753
21754
21755
21758
21759
21760
21761
21762
21763
21764
21765
21769
21770
21771
21772
21773
21774
21775
21776
21779
21780
21781
21784
21785
21786
21789
21790
21791
21792
21793
21794
21795
21796
21814
21815
21816
21817
21818
21820
21821
21824
21825
21826
21828
21829
21830
21831
21837
21838
21839
21840
21841
21869
21870
21871
21872
21873
21874
21875
21876
21879
21880
21881
21882
21883
21884
21885
21886
21889
21890
21891
21892
21893
21894
21895
21896
21899
21900
21901
21902
21903
21904
21905
21906
21909
21910
21911
21912
21913
21914
21915
21916
21919
21920
21921
21922
21923
21924
21925
21926
21929
21930
21931
21933
21934
21935
21936
21939
21940
21941
21942
21943
21944
21945
21946
21949
21950
21951
21952
21953
21954
21955
21956
21959
21960
21961
21962
21963
22013
22014
22015
22018
22019
22024
22025
22026
22027
22029
22030
22033
22034
22035
22036
22037
22038
22039
22040
22045
22046
22047
22048
22049
22050
22051
22052
22053
22054
22055
22058
22059
22060
22061
22062
22063
22064
22065
22068
22069
22070
22071
22072
22073
22074
22075
22078
22080
22081
22082
22083
22084
22085
22088
22089
22090
22091
22092
22093
22094
22095
22099
22100
22101
22102
22103
22104
22105
22106
22109
22110
22111
22112
22113
22114
22115
22116
22119
22120
22121
22122
22123
22124
22125
22126
22129
22131
22132
22133
22135
22136
22139
22140
22141
22142
22143
22144
22145
22146
22150
22151
22152
22153
22154
22155
22156
22157
22158
22161
22162
22163
22164
22165
22166
22167
22168
22171
22172
22173
22174
22175
22176
22177
22178
22180
22181
22184
22186
22187
22248
22249
22252
22253
22254
22255
22258
22259
22260
22261
22265
22266
22267
22268
22269
22270
22271
22272
22275
22276
22277
22278
22279
22280
22281
22282
22285
22286
22287
22289
22290
22291
22292
22295
22296
22297
22298
22299
22300
22301
22302
22305
22306
22307
22308
22309
22310
22311
22312
22315
22316
22317
22318
22319
22320
22321
22322
22325
22326
22327
22329
22330
22331
22332
22335
22336
22337
22339
22340
22341
22342
22345
22346
22347
22348
22349
22350
22351
22352
22355
22356
22357
22358
22359
22360
22362
22363
22366
22367
22368
22369
22370
22371
22372
22373
22376
22377
22378
22379
22380
22381
22382
22383
22386
22387
22388
22389
22390
22391
22392
22393
22396
22402
22404
22405
22406
22409
22410
22411
22412
22413
22414
22415
22416
22419
22420
22421
22422
22423
22429
22430
22431
22432
22433
22434
22435
22436
22437
22440
22441
22442
22443
22444
22445
22446
22447
22450
22451
22452
22453
22454
22455
22514
22515
22516
22517
22518
22519
22520
22523
22524
22525
22526
22527
22528
22530
22533
22534
22535
22536
22537
22538
22539
22540
22543
22544
22545
22546
22547
22548
22549
22550
22553
22554
22555
22556
22557
22558
22559
22560
22563
22564
22565
22566
22567
22568
22569
22570
22573
22574
22575
22577
22578
22579
22580
22583
22585
22587
22588
22589
22590
22594
22595
22596
22597
22599
22600
22603
22604
22605
22606
22607
22608
22609
22610
22613
22615
22616
22617
22618
22619
22620
22623
22624
22625
22626
22627
22628
22629
22630
22633
22634
22635
22636
22637
22638
22639
22640
22643
22644
22645
22646
22655
23843
23852
23853
23854
23857
23858
23859
23860
23861
23862
23863
23864
23867
23868
23869
23870
23871
23872
23873
23874
23877
23878
23879
23880
23881
23882
23883
23884
23887
23888
23889
23890
23891
23892
23893
23910
23911
23912
23913
23914
23915
23916
23917
23920
23921
23922
23923
23924
23925
23931
23932
23933
23934
23935
23936
23937
23940
23941
23942
23943
23944
23945
23959
23960
23961
23962
23963
23964
23965
23966
23969
23970
23971
23972
23973
23974
23975
23976
23979
23980
23981
23982
23983
23984
23985
23986
23989
23990
23991
23999
24000
24003
24004
24005
24006
24009
24010
24011
24012
24013
24014
24016
24019
24020
24021
24022
24023
24024
24025
24026
24031
24032
24033
24034
24035
24036
24037
24038
24041
24042
24043
24044
24045
24046
24047
24048
24051
24052
24053
24054
24055
24056
24057
24058
24061
24062
24063
24071
24072
24073
24074
24075
24076
24077
24078
24081
24082
24083
24084
24085
24086
24087
24088
24091
24092
24093
24094
24095
24096
24097
24098
24101
24124
24125
24126
24127
24128
24129
24130
24131
24134
24135
24136
24137
24138
24139
24140
24141
24145
24146
24147
24148
24149
24150
24151
24152
24155
24156
24157
24158
24159
24160
24161
24162
24165
24166
24167
24168
24169
24170
24171
24172
24175
24176
24177
24178
24179
24180
24181
24182
24185
24186
24187
24188
24189
24190
24191
24192
24195
24196
24197
24198
24199
24200
24201
24202
24205
24206
24207
24208
24209
24210
24211
24212
24215
24216
24217
24220
24221
24222
24225
24226
24227
24228
24229
24230
24231
24233
24234
24235
24236
24237
24238
24239
24240
24243
24244
24245
24246
24247
24248
24249
24250
24253
24254
24281
24282
24284
24285
24286
24287
24288
24291
24292
24295
24296
24298
24299
24300
24301
24302
24305
24306
24307
24308
24309
24310
24312
24315
24316
24317
24318
24319
24320
24325
24326
24327
24328
24329
24330
24331
24332
24335
24336
24337
24338
24339
24340
24341
24342
24345
24346
24347
24348
24349
24350
24352
24353
24354
24355
24356
24357
24358
24359
24362
24363
24364
24365
24366
24367
24368
24369
24372
24373
24374
24375
24376
24377
24378
24379
24382
24383
24384
24386
24387
24388
24389
24392
24393
24394
24395
24396
24397
24398
24399
24402
24403
24404
24405
24406
24407
24408
24409
24412
24413
24414
24415
24416
24417
24418
24419
24422
24423
24424
24425
24426
24427
24429
24432
24433
24434
24435
24436
24437
24438
24439
24442
24443
24444
24445
24446
24447
24448
24449
24452
24453
24454
24455
24456
24457
24458
24459
24462
24463
24465
24466
24467
24468
24469
24472
24474
24475
24476
24477
24478
24479
24480
24483
24484
24485
24486
24487
24488
24489
24490
24493
24494
24498
24499
24500
24501
24502
24503
24504
24505
24508
24509
24510
24511
24512
24513
24515
24518
24519
24520
24521
24522
24523
24524
24525
24532
24533
24534
24535
24536
24537
24538
24542
24543
24544
24545
24546
24547
24548
24549
24552
24553
24554
24555
24556
24557
24558
24559
24562
24563
24564
24565
24566
24567
24568
24569
24572
24573
24574
24575
24576
24577
24578
24579
24582
24583
24584
24585
24586
24587
24588
24591
24592
24597
24598
24599
24600
24601
24602
24603
24604
24607
24608
24609
24610
24611
24612
24613
24614
24617
24618
24619
24620
24621
24622
24623
24624
24627
24628
24629
24630
24631
24632
24633
24634
24637
24638
24639
24640
24641
24642
24643
24644
24647
24648
24649
24650
24651
24652
24653
24654
24657
24658
24659
24660
24661
24662
24663
24664
24667
24668
24669
24670
24671
24672
24673
24674
24677
24678
24679
24680
24681
24682
24683
24684
24685
24686
24687
24688
24690
24691
24692
24695
24696
24697
24698
24699
24701
24702
24705
24706
24707
24708
24709
24710
24711
24712
24715
24716
24717
24718
24719
24720
24724
24725
24726
24727
24728
24734
24735
24736
24741
24743
24744
24745
24746
24747
24748
24749
24750
24751
24752
24753
24754
24755
24756
24757
24758
24761
24762
24763
24764
24765
24766
24767
24768
24771
24773
24774
24775
24776
24777
24778
24781
24782
24783
24784
24785
24786
24787
24788
24791
24872
24873
24874
24875
24876
24877
24878
24879
24882
24883
24884
24885
24886
24887
24888
24889
24892
24893
24894
24895
24896
24897
24912
24913
24915
24916
24917
24918
24919
24920
24921
24922
24925
24926
24927
24928
24929
24930
24931
24932
24935
24936
24937
24939
24940
24941
24942
24970
24971
24972
24973
24974
24976
24977
24978
24981
24982
24983
24986
24987
24995
24997
24998
24999
25001
25003
25004
25005
25006
25007
25008
25009
25010
25013
25014
25016
25017
25018
25019
25020
25023
25024
25025
25026
25028
25029
25033
25034
25035
25036
25037
25039
25040
25043
25044
25045
25046
25047
25048
25049
25050
25053
25054
25055
25056
25057
25058
25060
25063
25064
25065
25066
25067
25068
25069
25073
25074
25075
25076
25077
25078
25079
25080
25083
25084
25085
25086
25087
25088
25089
25090
25093
25094
25095
25096
25097
25098
25099
25100
25103
25104
25105
25106
25107
25108
25109
25110
25113
25114
25115
25116
25117
25118
25119
25121
25122
25123
25124
25125
25126
25127
25128
25131
25132
25133
25134
25135
25136
25137
25138
25142
25144
25145
25146
25147
25148
25151
25152
25158
25159
25160
25161
25162
25163
25164
25168
25170
25171
25172
25173
25174
25175
25176
25179
25180
25181
25182
25184
25185
25186
25190
25191
25192
25193
25194
25196
25199
25200
25201
25202
25203
25204
25205
25206
25209
25210
25211
25212
25213
25214
25215
25216
25219
25220
25221
25222
25223
25224
25225
25226
25229
25230
25231
25232
25233
25234
25235
25236
25239
25240
25241
25242
25243
25244
25245
25249
25250
25251
25254
25255
25262
25263
25264
25265
25266
25268
25269
25270
25271
25272
25274
25275
25280
25281
25282
25283
25284
25285
25286
25287
25290
25291
25292
25293
25294
25295
25296
25297
25300
25301
25302
25303
25304
25305
25306
25307
25310
25311
25312
25313
25314
25315
25316
25317
25320
25321
25322
25323
25324
25325
25326
25327
25330
25331
25332
25333
25334
25335
25336
25337
25340
25341
25342
25343
25344
25345
25346
25347
25350
25351
25352
25353
25354
25355
25356
25357
25360
25361
25362
25363
25364
25365
25366
25367
25370
25371
25372
25373
25374
25375
25376
25377
25380
25381
25382
25383
25384
25385
25386
25387
25390
25391
25392
25393
25394
25395
25396
25397
25400
25401
25402
25403
25404
25405
25406
25411
25412
25415
25416
25418
25419
25420
25421
25422
25425
25426
25427
25428
25429
25435
25436
25438
25443
25444
25445
25446
25447
25448
25449
25450
25453
25454
25455
25456
25457
25458
25459
25460
25463
25464
25465
25510
25511
25512
25513
25514
25515
25516
25517
25520
25521
25522
25523
25524
25525
25526
25527
25530
25531
25532
25533
25534
25535
25536
25540
25542
25543
25544
25545
25546
25547
25548
25549
25552
25553
25554
25555
25556
25557
25558
25559
25562
25563
25564
25565
25566
25567
25568
25569
25572
25573
25577
25578
25582
25583
25586
25587
25588
25589
25590
25593
25594
25595
25596
25597
25598
25599
25600
25603
25604
25605
25606
25607
25608
25609
25610
25630
25631
25632
25633
25634
25635
25636
25643
25644
25645
25646
25647
25648
25649
25653
25654
25655
25656
25657
25658
25659
25660
25663
25664
25665
25666
25667
25668
25669
25670
25673
25674
25675
25676
25677
25678
25679
25680
25683
25684
25685
25686
25687
25688
25689
25690
25692
25693
25694
25695
25696
25697
25698
25699
25702
25703
25704
25705
25706
25707
25708
25709
25712
25713
25714
25715
25716
25717
25718
25719
25722
25723
25724
25725
25726
25727
25728
25729
25732
25733
25744
25745
25746
25747
25748
25749
25750
25751
25754
25755
25756
25757
25758
25759
25760
25761
25764
25765
25766
25767
25768
25769
25770
25771
25777
25778
25779
25780
25781
25782
25783
25784
25785
25786
25787
25788
25789
25790
25791
25792
25793
25794
25797
25798
25799
25800
25801
25802
25803
25804
25808
25809
25810
25811
25812
25813
25814
25815
25818
25819
25820
25821
25822
25823
25824
25825
25828
25829
25830
25831
25832
25833
25834
25835
25844
25845
25846
25847
25848
25849
25850
25851
25852
25853
25854
25855
25856
25857
25860
25861
25862
25863
25864
25867
25868
25869
25870
25871
25872
25873
25874
25877
25878
25879
25880
25881
25882
25883
25884
25887
25888
25889
25890
25891
25892
25893
25894
25897
25898
25899
25900
25901
25902
25903
25904
25907
25908
25909
25910
25911
25912
25914
25917
25918
25919
25922
25923
25924
25925
25926
25927
25928
25929
25932
25933
25934
25935
25936
25937
25938
25942
25943
25944
25945
25946
25947
25948
25949
25952
25953
25954
25955
25956
25957
25958
25959
25960
25961
25962
25963
25964
25965
25968
25969
25970
25972
25973
25974
25975
25978
25979
25980
25981
25982
25983
25984
25985
25988
25989
25990
25991
25992
25993
25994
25995
25998
25999
26000