26593
26594
26595
26597
26600
26601
26604
26605
26606
26607
26610
26611
26612
26613
26614
26615
26616
26621
26622
26623
26624
26625
26626
26627
26628
26631
26632
26633
26634
26635
26636
26637
26638
26641
26642
26643
26644
26659
26660
26661
26662
26663
26665
26666
26669
28587
28588
28589
28591
28592
28593
28594
28597
28598
28600
28601
28602
28603
28604
28608
28609
28610
28611
28612
28617
28618
28619
28620
28621
28622
28623
28624
28627
28628
28629
28630
28631
28632
28633
28634
28637
28638
28639
28640
28641
28642
28643
28644
28647
28648
28650
28652
28653
28654
28657
28658
28659
28660
28663
28664
28667
28668
28669
28670
28671
28672
28673
28674
28677
28678
28679
28681
28682
28683
28684
28686
28690
28691
28692
28693
28694
28695
28699
28700
28701
28703
28704
28705
28706
28709
28710
28711
28712
28713
28714
28715
28716
28719
28720
28721
28722
28723
28724
28725
28726
28729
28730
28731
28732
28733
28734
28736
28739
28740
28741
28742
28743
28744
28745
28749
28750
28751
28752
28753
28754
28755
28759
28760
28761
28762
28763
28765
28766
28767
28768
28770
28771
28772
28773
28775
28776
28777
28780
28781
28782
28783
28784
28785
28786
28787
28790
28792
28793
28794
28795
28807
28808
28810
28811
28812
28818
28819
28820
28821
28822
28823
28824
28828
28830
28832
28833
28834
28840
28841
28843
28844
28845
28846
28847
28848
28849
28850
28851
28852
28853
28856
28857
28858
28859
28860
28861
28862
28863
28866
28867
28868
28869
28871
28872
28873
28876
28877
28878
28879
28880
28881
28882
28883
28886
28888
28889
28890
28895
28897
28898
28899
28900
28901
28902
28905
28906
28907
28908
28909
28910
28911
28912
28916
28917
28918
28919
28920
28921
28922
28925
28927
28928
28929
28930
28931
28932
28935
28936
28937
28938
28939
28940
28941
28942
28945
28946
28947
28948
28949
28950
28951
28952
28955
28956
28958
28959
28960
28961
28962
28965
28966
28968
28970
28972
28975
28976
28977
28978
28979
28980
28983
28984
28985
28986
28987
28989
28990
28994
28995
28996
28997
28999
29000
29003
29004
29006
29008
29009
29010
29013
29014
29015
29016
29017
29018
29024
29028
29030
29033
29034
29035
29037
29038
29039
29040
29056
29057
29058
29059
29061
29063
29066
29067
29068
29069
29070
29072
29073
29076
29077
29078
29079
29080
29081
29082
29083
29087
29089
29090
29091
29093
29094
29099
29100
29102
29103
29107
29108
29109
29111
29113
29114
29117
29118
29119
29120
29121
29122
29123
29127
29128
29129
29130
29131
29132
29133
29134
29137
29138
29139
29142
29144
29148
29150
29151
29153
29154
29157
29158
29159
29160
29161
29162
29163
29164
29167
29168
29169
29170
29171
29172
29173
29178
29179
29180
29181
29182
29183
29184
29187
29188
29189
29190
29191
29192
29193
29194
29197
29198
29199
29201
29204
29205
29207
29208
29209
29210
29211
29214
29215
29216
29217
29218
29219
29224
29225
29226
29228
29229
29230
29231
29238
29240
29241
29242
29243
29248
29250
29251
29253
29255
29256
29257
29258
29260
29264
29265
29267
29268
29269
29270
29274
29275
29276
29277
29278
29279
29280
29284
29285
29286
29287
29289
29290
29291
29293
29294
29295
29296
29297
29299
29300
29304
29305
29306
29307
29308
29309
29311
29314
29315
29316
29317
29318
29319
29320
29321
29324
29325
29326
29328
29329
29331
29334
29335
29337
29338
29339
29340
29341
29344
29345
29346
29347
29348
29349
29350
29351
29355
29359
29360
29365
29366
29367
29369
29371
29374
29379
29380
29381
29384
29385
29386
29387
29388
29389
29390
29391
29394
29395
29396
29399
29400
29401
29404
29407
29410
29411
29412
29413
29414
29417
29419
29420
29421
29422
29424
29427
29429
29431
29432
29433
29441
29442
29443
29444
29445
29446
29447
29448
29451
29452
29454
29455
29456
29457
29461
29462
29463
29466
29468
29470
29471
29472
29473
29476
29477
29478
29479
29480
29482
29483
29486
29487
29488
29489
29490
29491
29495
29496
29497
29499
29500
29501
29502
29505
29507
29509
29510
29511
29516
29518
29519
29520
29521
29522
29525
29529
29530
29536
29537
29538
29540
29541
29544
29545
29546
29547
29548
29549
29550
29551
29554
29555
29556
29557
29558
29559
29560
29561
29564
29565
29566
29567
29568
29569
29570
29571
29575
29576
29577
29579
29580
29581
29583
29586
29587
29588
29589
29590
29591
29593
29596
29597
29598
29599
29600
29601
29602
29603
29606
29607
29608
29610
29611
29625
29626
29627
29628
29629
29630
29631
29632
29635
29636
29637
29638
29639
29640
29641
29642
29645
29646
29647
29648
29649
29650
29651
29652
29655
29656
29657
29658
29659
29660
29661
29666
29672
29673
29675
29676
29677
29678
29684
29685
29689
29697
29698
29700
29701
29702
29709
29716
29717
29718
29719
29720
29721
29726
29731
29732
29733
29751
29752
29753
29754
29755
29756
29758
29762
29764
29765
29766
29768
29771
29772
29790
29796
29797
29798
29799
29800
29801
29806
29807
29811
29812
29814
29815
29816
29819
29821
29824
29825
29826
29829
29830
29834
29835
29837
29841
29844
29845
29846
29847
29848
29849
29850
29851
29854
29855
29857
29858
29859
29860
29864
29865
29866
29867
29868
29869
29875
29877
29879
29880
29882
29883
29884
29885
29886
29887
29888
29889
29890
29891
29892
29895
29897
29898
29899
29900
29901
29905
29907
29909
29910
29918
29919
29922
29923
29925
29926
29927
29929
29932
29933
29934
29936
29937
29938
29939
29942
29943
29944
29952
29953
29954
29955
29956
29957
29958
29961
29962
29964
29965
29966
29967
29968
29971
29972
29973
29974
29975
29976
29977
29978
29981
29982
29987
29990
29991
29992
29993
29996
29997
29998
29999
30000
30001
30002
30006
30007
30008
30009
30019
30020
30021
30024
30025
30026
30030
30035
30036
30039
30040
30042
30043
30044
30045
30046
30049
30052
30053
30054
30055
30056
30061
30062
30063
30065
30066
30067
30068
30069
30072
30073
30074
30075
30076
30077
30078
30349
30376
30377
30378
30379
30381
30383
30384
30385
30389
30390
30391
30392
30393
30394
30395
30396
30397
30400
30401
30402
30403
30404
30405
30406
30407
30410
30411
30419
30420
30421
30422
30423
30424
30425
30426
30427
30430
30431
30432
30433
30434
30435
30436
30437
30440
30441
30467
30468
30469
30470
30471
30472
30473
30474
30475
30476
30477
30480
30481
30482
30483
30484
30485
30486
30487
30490
30491
30492
30493
30495
30496
30497
30501
30502
30503
30504
30505
30506
30507
30510
30511
30512
30513
30514
30515
30516
30517
30520
30521
30522
30524
30525
30526
30527
30530
30531
30532
30534
30535
30536
30537
30538
30539
30540
30541
30542
30543
30544
30547
30548
30549
30550
30551
30552
30553
30554
30557
30558
30559
30560
30561
30562
30563
30564
30567
30568
30569
30570
30571
30572
30573
30574
30577
30578
30579
30580
30581
30582
30583
30584
30587
30588
30590
30591
30592
30593
30595
30596
30598
30601
30602
30603
30604
30605
30606
30607
30608
30611
30612
30613
30614
30615
30616
30617
30618
30622
30623
30624
30625
30626
30627
30628
30629
30630
30633
30634
30635
30636
30637
30638
30639
30640
30643
30644
30645
30646
30647
30648
30649
30650
30653
30654
30655
30656
30659
30660
30661
30662
30663
30664
30665
30666
30670
30671
30672
30673
30674
30675
30676
30677
30680
30681
30682
30683
30684
30685
30686
30687
30690
30691
30692
30695
30696
30697
30698
30701
30702
30703
30704
30705
30706
30707
30708
30709
30712
30713
30714
30715
30716
30717
30718
30719
30722
30723
30724
30725
30726
30727
30728
30729
30733
30734
30735
30736
30737
30738
30739
30740
30741
30742
30743
30744
30745
30748
30749
30750
30751
30752
30753
30754
30755
30758
30759
30760
30761
30762
30763
30764
30765
30768
30769
30770
30771
30773
30774
30775
30778
30779
30780
30781
30782
30783
30784
30785
30788
30790
30791
30792
30793
30794
30795
30798
30799
30800
30801
30802
30803
30804
30805
30808
30809
30810
30811
30812
30813
30814
30815
30816
30817
30818
30819
30820
30821
30824
30825
30826
30829
30830
30831
30834
30835
30836
30837
30838
30839
30840
30841
30844
30845
30846
30847
30848
30849
30850
30851
30854
30855
30856
30857
30858
30859
30860
30861
30864
30865
30866
30867
30868
30869
30870
30871
30874
30875
30876
30877
30878
30879
30880
30881
30884
30885
30886
30887
30888
30889
30890
30891
30894
30895
30896
30897
30898
30899
30900
30901
30902
30905
30906
30907
30908
30909
30910
30911
30915
30916
30917
30918
30921
30926
30927
30929
30930
30931
30932
30933
30934
30937
30938
30939
30940
30941
30942
30943
30944
30948
30949
30950
30951
30952
30956
30957
30958
30959
30960
30961
30962
30963
30964
30967
30968
30969
30970
30971
30972
30973
30974
30977
30978
30979
30980
30981
30982
30983
30984
30988
30989
30990
30992
30993
30994
30995
30996
30999
31000
31001
31002
31003
31004
31005
31006
31009
31010
31011
31012
31013
31014
31015
31017
31018
31019
31020
31021
31022
31023
31024
31025
31028
31029
31030
31031
31032
31033
31034
31035
31038
31039
31040
31041
31042
31043
31044
31045
31048
31049
31050
31051
31052
31053
31054
31055
31058
31059
31060
31061
31062
31063
31064
31065
31068
31069
31070
31071
31072
31073
31074
31075
31078
31079
31080
31081
31082
31083
31084
31085
31088
31089
31090
31094
31095
31098
31099
31100
31101
31102
31103
31104
31105
31108
31109
31111
31112
31113
31114
31118
31119
31120
31121
31122
31123
31124
31125
31128
31129
31130
31131
31132
31133
31134
31135
31138
31139
31140
31141
31142
31143
31144
31145
31148
31149
31150
31151
31152
31153
31154
31155
31158
31159
31160
31162
31164
31165
31166
31167
31168
31173
31174
31175
31176
31177
31178
31179
31180
31183
31184
31185
31186
31187
31188
31189
31191
31192
31193
31194
31195
31196
31197
31198
31199
31202
31203
31204
31205
31206
31207
31208
31209
31212
31213
31216
31217
31219
31222
31223
31226
31227
31228
31229
31231
31232
31233
31234
31236
31237
31238
31239
31242
31243
31244
31245
31246
31247
31248
31249
31252
31253
31254
31255
31257
31258
31259
31262
31263
31264
31265
31266
31267
31268
31269
31272
31273
31274
31275
31276
31277
31278
31279
31282
31283
31284
31285
31286
31287
31288
31289
31292
31293
31294
31295
31296
31297
31298
31299
31302
31303
31304
31305
31306
31307
31308
31309
31310
31311
31312
31313
31314
31315
31316
31320
31321
31322
31323
31324
31325
31330
31331
31332
31333
31334
31335
31336
31337
31341
31342
31343
31344
31345
31346
31347
31350
31351
31352
31353
31354
31355
31356
31357
31360
31361
31362
31363
31364
31365
31366
31369
31370
31371
31372
31373
31375
31376
31379
31380
31381
31382
31383
31384
31385
31386
31389
31390
31391
31392
31393
31396
31399
31400
31401
31402
31403
31404
31405
31406
31409
31410
31411
31412
31413
31414
31418
31419
31420
31421
31422
31423
31424
31425
31426
31427
31428
31429
31432
31433
31436
31437
31438
31439
31442
31443
31444
31445
31446
31447
31448
31449
31452
31453
31454
31455
31456
31457
31458
31459
31462
31463
31464
31465
31466
31474
31475
31476
31477
31478
31479
31480
31481
31485
31486
31487
31513